1.805951627337610416e-02,1.678598011058063735e-02,9.298442377746659118e-03,6.545785898012396360e-03,5.367578361148076307e-03,5.421518758027266127e-03,5.703094414692220365e-03,7.344375170047700088e-03,9.010421013278530414e-03,1.237440199097694649e-02,1.678598011058063735e-02,2.543679847799789825e-02,3.344847402956362820e-02,3.050278556351327178e-02,2.117381088564631794e-02,1.695594324791695195e-02,1.285443759842382593e-02,1.123893967428104060e-02,8.730541595509148586e-03,8.647425889626119550e-03,8.307160367174373436e-03,1.156529603778909572e-02,1.874717152164099773e-02,3.674290921254359105e-02,6.969438524570462090e-02,5.732568261741679549e-01
2.523672512483158062e-02,1.871232188527513496e-02,1.354090549263132007e-02,1.048783643892299555e-02,8.601647180611047411e-03,8.658354646205979402e-03,8.763777250030113306e-03,1.036376507124549436e-02,1.198278224333165949e-02,1.633175009134026079e-02,2.221524479356875442e-02,3.593236207526352005e-02,4.968715747168243185e-02,4.605026793325850409e-02,3.110689928145052643e-02,2.468411277554406064e-02,1.799301242235956319e-02,1.584878516623980382e-02,1.261151199610230887e-02,1.267849531116746302e-02,1.185794970161932645e-02,1.383776336621552437e-02,1.723412190963276303e-02,2.372731701376112196e-02,4.176980574838472238e-02,4.900853276092859145e-01
1.644134521483747724e-02,1.483154296874434133e-02,2.445220947264692152e-03,1.197814941405793117e-03,1.125335693358945656e-03,9.880065917964981313e-04,1.342773437499487823e-03,1.865386962889913330e-03,2.368927001952221209e-03,4.314422607420228747e-03,6.916046142575486486e-03,1.470565795897876490e-02,2.075576782225770772e-02,1.438522338866638807e-02,6.690979003903697354e-03,3.921508789061003801e-03,2.231597900389773684e-03,1.705169677733724479e-03,1.029968261718357085e-03,8.621215820309211615e-04,7.705688476559560728e-04,1.041412353515227748e-03,2.170562744139797103e-03,1.298904418944817063e-02,5.163803100583967964e-01,3.465232849119772029e-01
3.320043018650104677e-02,2.784752642761541969e-02,1.220244340686704558e-02,7.223985520551780108e-03,5.026985022165014923e-03,4.265469663982303199e-03,3.982340057183262477e-03,4.200712168507131535e-03,4.774020932245547598e-03,6.022611022217460273e-03,7.908611599296882372e-03,1.167815360805793748e-02,1.551950266243449714e-02,1.329692705191070322e-02,9.335899588174965263e-03,7.078404113002533492e-03,5.702266348398511535e-03,5.162565905096576716e-03,4.786480602261024113e-03,5.083545366314215150e-03,5.875554127429539857e-03,8.077964745691446069e-03,1.319856123599904944e-02,3.078309026047217761e-02,1.130065839519431709e-01,6.347593644256643852e-01
2.357040845471375726e-02,2.266209654383167030e-02,1.231648100541998456e-02,8.180519851466335618e-03,6.603827477859695004e-03,6.249642959150957140e-03,6.700942587828219790e-03,8.586118251923116271e-03,1.143673236217570069e-02,1.648671808053899651e-02,2.554698657524961600e-02,4.277634961437144778e-02,6.014852899168229156e-02,5.096258211936534332e-02,3.346472436444817428e-02,2.216509568693392565e-02,1.473293344757798697e-02,1.255069980004995707e-02,1.036846615252192544e-02,1.008854612967147180e-02,9.117395029986222199e-03,9.380177092253996068e-03,1.151099685803398318e-02,1.746358183375180603e-02,1.937732076548450214e-02,5.275521279631376625e-01
1.768201947038838123e-02,1.695441968314045922e-02,1.195086385666553792e-02,8.946339889200306469e-03,7.411955943607668150e-03,7.643532877947355197e-03,7.816842067517702428e-03,9.726231242266864668e-03,1.281740980451727234e-02,1.882795178418541354e-02,2.969413916129861122e-02,5.900879095922766798e-02,1.000666343952853893e-01,7.374604825165782807e-02,3.735709462083574434e-02,2.428420316617597996e-02,1.643299806969174270e-02,1.278304677555073751e-02,1.013709354512760084e-02,9.315368939406130228e-03,9.095744362967846108e-03,9.676927765923576397e-03,1.140703157215169211e-02,1.644495042759314823e-02,3.984169101958993930e-02,4.209306703479300249e-01
1.970931406193145857e-02,1.174209697605830931e-02,1.057208607533567830e-02,1.364164883523704373e-02,1.315878719366897487e-02,1.516734627962310934e-02,1.520287456094250068e-02,1.882837417739840688e-02,2.044168113367433176e-02,2.775929589406000292e-02,3.599781985546303409e-02,6.150470345996764121e-02,9.183979974968339843e-02,8.646655093059524289e-02,5.247042674310418292e-02,4.231418305139317965e-02,3.208526787516523954e-02,3.054422867293671295e-02,2.530380717832672599e-02,2.576486737453971554e-02,2.107997900601473254e-02,2.015180265654567537e-02,1.429569219588944576e-02,1.218498930114206465e-02,4.989906738261334906e-02,2.318733093786494448e-01
2.455340733660188110e-02,2.471881202674365910e-02,1.288931363178901120e-02,8.907348869116550258e-03,8.515278492484184766e-03,8.276360606723837804e-03,8.766448577514294668e-03,1.100860104388063331e-02,1.342841039965851288e-02,1.856820799332342675e-02,2.689357739712631284e-02,3.855767110193918101e-02,4.825528682395534286e-02,4.482467102842214307e-02,3.124923423752649573e-02,2.397755397092309407e-02,1.795559802983535611e-02,1.424318165109764861e-02,1.179886789678024489e-02,1.110661863803872468e-02,1.071454826140635919e-02,1.051238697345529584e-02,1.174373300006631947e-02,1.582371535689687178e-02,2.253179445709124762e-02,5.201793721969907303e-01
2.636202794214729736e-02,2.674028430234473910e-02,1.331828442437110738e-02,8.998840827277775067e-03,7.815264474401919376e-03,7.589530840090543719e-03,8.638887194186664620e-03,9.950582636806815096e-03,1.315355988041415868e-02,1.759502165821634143e-02,2.326276615214247986e-02,3.231651516073923841e-02,3.945457873220702821e-02,3.784393874685019338e-02,2.665487157584854258e-02,2.174974071135272330e-02,1.657006894026199009e-02,1.373924714781664391e-02,1.196998352753830125e-02,1.118296626196621166e-02,9.993289000054911622e-03,1.021902263436628641e-02,1.117076444389532644e-02,1.899212982733268842e-02,2.533097431515750689e-02,5.493868586416024158e-01
2.197097661112976108e-02,2.253812864486262613e-02,1.255748579036793447e-02,1.038751279173783480e-02,7.921634384203631030e-03,7.933963776241302612e-03,8.371657193578622980e-03,1.080671212101864953e-02,1.436374172388673980e-02,2.115723673664347132e-02,3.070635086981967840e-02,4.806613485886047921e-02,5.989002182298698573e-02,5.532198207302987253e-02,3.883758491866371593e-02,2.808635506181458505e-02,1.983799178861267443e-02,1.629329157778225401e-02,1.276708545500834270e-02,1.070191228869844628e-02,8.414810065710471784e-03,8.920315139254984121e-03,9.851184238099145243e-03,1.490623497354426515e-02,2.001676797315890197e-02,4.793729271206681464e-01
1.722717285156085895e-02,1.588439941406098732e-02,1.002883911132716917e-02,7.179260253905566519e-03,6.340026855468146316e-03,6.324768066405647184e-03,6.855010986327471877e-03,8.234977722167184655e-03,9.624481201170959066e-03,1.290798187255736383e-02,1.857852935790838683e-02,3.368186950683273173e-02,5.680561065673286891e-02,4.849338531493678495e-02,2.218627929687288711e-02,1.742267608642412285e-02,1.172924041747935159e-02,1.451301574706892993e-02,9.196281433104592715e-03,1.125335693359267794e-02,9.050369262694450342e-03,1.226234436035039503e-02,1.138496398925672830e-02,1.866245269775212989e-02,2.456207275390391020e-01,3.585519790649072669e-01
1.947405254090645368e-02,1.854543496984733392e-02,1.237147394487094453e-02,8.276808785526931778e-03,7.338097545217169178e-03,7.280900086130194862e-03,7.792312661496086229e-03,1.048395779500077910e-02,1.401001291989192703e-02,2.015705749353326887e-02,2.987389642548521004e-02,5.466731266148031759e-02,8.648928725233955006e-02,7.211253768300761313e-02,3.801275839792002398e-02,2.602484388457350015e-02,1.797682493539446910e-02,1.390571167096862036e-02,1.076658053401877146e-02,1.038302110249435251e-02,9.938899655466078287e-03,1.059162360034096757e-02,1.299391688199390618e-02,1.646613910421496074e-02,2.701738802755335525e-02,4.370491494399907362e-01
2.671037333892892912e-02,1.521997507446327252e-02,1.330706787378168471e-02,1.415062737655903291e-02,1.436309036672761552e-02,1.423613077504151149e-02,1.401737532697595011e-02,1.640961976157446003e-02,1.757446476167990809e-02,2.435514336254794229e-02,2.949015915106490554e-02,5.431242497631798977e-02,6.288349292116761358e-02,6.970821872731448876e-02,3.969763629371121649e-02,3.423874399579093092e-02,2.463904425707634516e-02,2.370627990999476381e-02,1.968984104881134692e-02,2.035536100756241140e-02,1.946368270910227988e-02,1.861790233883188136e-02,1.792758269307507743e-02,1.790352329523368924e-02,4.623661048241882454e-02,3.307856281742088678e-01
3.048156146232280234e-02,2.809950278379306360e-02,1.082434966537371146e-02,6.719454022652179316e-03,5.051906621598404798e-03,4.684372794841175532e-03,4.848469382872609701e-03,5.416605086143428012e-03,6.561736999598209198e-03,8.120122955482044630e-03,1.066946800453194739e-02,1.417610222047797214e-02,1.725566000321043444e-02,1.647770749623635872e-02,1.220269012078245389e-02,9.737342677269158683e-03,7.675325508442195667e-03,6.650342068729653104e-03,5.668952323029780548e-03,5.540297762650923767e-03,5.634573556206779778e-03,6.816210758143715839e-03,1.104976096124410563e-02,3.019377219778387328e-02,3.605092168764884031e-02,6.933927908788987127e-01
1.754093170165848398e-02,1.620769500732267485e-02,9.520530700682686490e-03,6.943702697753244453e-03,5.990982055663491776e-03,6.197929382323628077e-03,7.158279418944630754e-03,8.743286132811667333e-03,1.092529296874895917e-02,1.532936096191260186e-02,2.438163757323986644e-02,4.825973510741727451e-02,8.886337280272590955e-02,7.663154602050051278e-02,3.779315948485967996e-02,2.630233764648187006e-02,1.704120635986165755e-02,1.496887207031107406e-02,1.060962677001851991e-02,9.957313537596707356e-03,8.187294006346875624e-03,9.034156799315545827e-03,1.028823852538964488e-02,1.948165893554501885e-02,5.038261413573738579e-02,4.432592391967350998e-01
1.593348963474673641e-02,1.555944595261449237e-02,9.282645915596340891e-03,6.909203788252048749e-03,5.875763511845435820e-03,5.708986303059666867e-03,5.930713228034966561e-03,7.766226554787010808e-03,9.933366238893416231e-03,1.472941602912000193e-02,2.380961562191280870e-02,4.950487413622425142e-02,8.459460605872827499e-02,6.087271717669699711e-02,3.355210389930574771e-02,2.060035939042249506e-02,1.365934260858703460e-02,1.044141010611942741e-02,8.354284921025847618e-03,7.997593780848192418e-03,7.693924296642891229e-03,7.871305836623130464e-03,9.089839893878688681e-03,1.481425067867576766e-02,1.268480457181516419e-01,4.226664687191102887e-01
3.390432066703916170e-02,3.646969508098928808e-02,9.200202217466481661e-03,2.504778426443287839e-03,1.153055076558652048e-03,9.972368229696449912e-04,9.184620392107581107e-04,1.055668668065522665e-03,1.256501083802464896e-03,1.738239184481811701e-03,2.386183422322765788e-03,3.484702110125265356e-03,4.656368811418160232e-03,4.579325341588039514e-03,2.695222958607629629e-03,2.443316781972068325e-03,1.757283637698245880e-03,1.952056454684504647e-03,1.293724333270949902e-03,1.530481513029802220e-03,1.543466367495552934e-03,3.144931751604791541e-03,9.092427925400750968e-03,3.996997901647345031e-02,4.307638903316318019e-02,7.871959812740744189e-01
2.560522392760202631e-02,2.207135254566155655e-02,1.353224011589955304e-02,9.412082028454334809e-03,7.379459937882085901e-03,6.925612653455545144e-03,7.217948448762320779e-03,8.709507050783354964e-03,1.073809135412760914e-02,1.443428178263344262e-02,2.002580953595972657e-02,3.174427562904431205e-02,4.167803976735549171e-02,3.600737138436051893e-02,2.379952547924304648e-02,1.789143520724202283e-02,1.326493860140634182e-02,1.164255569319829625e-02,9.263491458464150757e-03,9.122976462929954442e-03,8.661861161493023681e-03,1.056850429055185628e-02,1.410560590227472044e-02,2.304526682505374235e-02,3.465632777787368279e-02,5.684962149782065710e-01
1.109959282256017289e-02,7.850722980408919929e-03,8.034540616214846248e-03,8.303854826814225862e-03,7.790875378053501756e-03,9.306302166267474418e-03,1.121287578416150024e-02,1.639183080227497868e-02,2.065597247009849993e-02,3.094548524649069765e-02,4.467409774394958538e-02,7.607912707995509449e-02,1.228649902213029971e-01,9.705357429115921142e-02,5.799232668239989036e-02,4.032445950133260737e-02,2.639493005310910440e-02,2.127368522298120693e-02,1.537869639097255020e-02,1.364311592266543270e-02,1.080462963952275729e-02,1.064004873304535796e-02,9.618364664263582414e-03,9.772258498891800080e-03,7.666905344602993611e-02,2.352245888148603303e-01
1.278361075543955894e-02,9.816474605205323736e-03,7.323943661970580207e-03,8.387537345282391685e-03,8.022193768671272845e-03,8.966282543745800887e-03,9.746478873237773149e-03,1.339991463934897195e-02,1.595390524967717216e-02,2.314980793853638197e-02,3.317968416559399086e-02,6.040119504907206366e-02,1.026086214255053225e-01,8.438583013229460084e-02,4.789244558257824830e-02,3.357063593682738795e-02,2.316175842936010754e-02,1.968075117370556015e-02,1.528979940247284820e-02,1.352966282543516426e-02,1.143491250533308808e-02,1.213657703798341585e-02,1.215535638070641862e-02,1.577976952624570578e-02,1.047067861715570286e-01,2.925360648740431002e-01
2.761912112788460910e-02,2.682154986103372704e-02,1.103735720900092879e-02,8.361634249243127606e-03,8.464546670772274406e-03,8.027168879273403543e-03,9.287846043005443600e-03,1.053565915404634096e-02,1.340434290417129130e-02,1.782957702992457941e-02,2.235772357720701084e-02,3.084799835336157064e-02,3.828342080884238746e-02,3.668827827514061640e-02,2.459606874546594116e-02,1.943758361631748796e-02,1.561695996704793449e-02,1.344293506224472114e-02,1.218225789851268108e-02,1.170628794894038038e-02,1.027837810022347656e-02,1.014973757331204436e-02,1.216939384582153838e-02,1.884583719252489603e-02,2.181743336417899318e-02,5.601909025412161736e-01
2.455143131075132254e-02,2.489385015748425689e-02,9.153997169327085862e-03,5.958087933153040881e-03,4.782449892703303021e-03,6.072227548730685376e-03,7.681596128375471448e-03,8.663196822343214101e-03,1.158517098113091143e-02,1.673286764368267857e-02,2.444870565673144119e-02,3.854494818057053324e-02,5.532347167048426440e-02,4.232296945619056644e-02,2.773592658536760264e-02,2.055654476553376783e-02,1.399351686981921070e-02,1.027256540198800104e-02,8.172396475359342341e-03,6.791307126869845258e-03,7.133725973602778742e-03,8.149568552243814309e-03,1.052367255625881806e-02,1.714377025976219701e-02,2.541889238914141896e-02,5.633931424912530517e-01
1.398799759404596374e-02,1.361548556429980836e-02,8.653215223094154820e-03,6.845335739280249999e-03,7.327209098860138284e-03,8.865102799647013240e-03,1.032781058617319829e-02,1.465100065616297201e-02,1.763109689413220812e-02,2.593230533682403319e-02,3.418566819771359788e-02,6.319034339455407989e-02,8.438251859139724032e-02,9.019575678037163036e-02,4.705612970252109895e-02,3.603455818021515655e-02,2.253868657042099391e-02,2.011223206473503403e-02,1.347194881889303419e-02,1.544387029745753967e-02,1.135649059492175282e-02,1.434342191600559632e-02,1.326689632545478316e-02,1.528666338582154727e-02,5.022419072614206503e-02,3.410740649605133457e-01
2.590861344536454433e-02,2.688025210082621921e-02,1.057773109243141836e-02,5.761554621845713271e-03,4.816176470585705957e-03,5.294117647056043388e-03,5.441176470585377782e-03,7.132352941172724614e-03,9.805672268902412142e-03,1.250525210083376811e-02,1.791491596637714498e-02,2.641281512603654846e-02,3.826680672266898064e-02,3.210084033611759063e-02,2.252100840334951559e-02,1.766281512604114465e-02,1.338760504200977620e-02,1.105567226890175579e-02,8.975840336129739180e-03,8.114495798315066177e-03,7.983193277306730937e-03,8.403361344533401625e-03,1.129201680671675784e-02,2.130777310923250706e-02,2.320378151259285676e-02,6.172741596635413774e-01
1.913777470747207721e-02,1.948857994040656405e-02,1.446936660765161912e-02,1.030827684469026208e-02,9.234273131552376071e-03,9.746988471995085210e-03,1.129592850049042710e-02,1.429126548939257252e-02,1.738374854279964993e-02,2.353093562452855322e-02,3.380143344413356205e-02,5.756444022275723771e-02,9.394024437627156165e-02,6.986960839338227092e-02,3.997020854019690123e-02,2.669897672810613715e-02,1.987716419842629895e-02,1.666594706617985713e-02,1.363822805577606830e-02,1.219722809895287460e-02,1.099369629980840972e-02,1.029748283752304587e-02,1.205150900219547315e-02,1.394046025645808741e-02,2.046004058545590476e-02,3.991461940328573932e-01
3.946837445420815771e-02,2.952713009370084435e-02,2.023710079658986097e-02,1.012889114872066697e-02,5.546677642994644365e-03,4.421805767414610164e-03,3.918387771078791701e-03,4.124698352743470277e-03,4.629125202779360571e-03,6.358300444702390253e-03,8.953576588137043824e-03,1.438928032412379113e-02,1.855786381282038475e-02,1.885749336174170204e-02,1.039068868388929277e-02,8.453185152901441721e-03,5.684386173054441910e-03,5.380216782482800074e-03,4.960533643252940106e-03,6.533336561664844673e-03,6.716947935077908355e-03,1.153624206032079907e-02,2.091454605618806029e-02,3.045325779036673827e-02,4.690867049223753499e-02,6.529492829067571336e-01
2.420634920634371842e-02,2.472335600906468839e-02,1.499092970521202078e-02,8.188208616778188190e-03,6.324263038547319089e-03,6.024943310656230393e-03,6.530612244896477972e-03,7.950113378683005064e-03,1.016326530612014431e-02,1.435600907029152898e-02,2.153514739228536493e-02,3.484353741495808260e-02,5.142176870747133116e-02,4.310204081631675843e-02,2.733560090702328096e-02,2.066666666666197930e-02,1.498866213151587613e-02,1.210657596371607532e-02,1.026530612244665186e-02,9.517006802718930986e-03,9.249433106573865665e-03,1.036054421768472546e-02,1.475283446711683592e-02,2.026984126983667409e-02,2.690022675736351496e-02,5.492267573694900040e-01
2.434765154556286712e-02,2.235715241536090359e-02,1.459779013974046684e-02,9.270038806369155018e-03,6.520617078625599340e-03,6.140677868899173733e-03,6.035537458660414009e-03,6.862323411901566708e-03,7.723041042992500986e-03,1.003087304773326791e-02,1.257957217411191826e-02,1.929852229932426874e-02,2.519594349180740225e-02,2.563609948194330024e-02,1.713024029362767223e-02,1.501978551356239651e-02,1.127152988855062779e-02,1.114488348530848563e-02,8.975167746744998343e-03,9.733612433330957048e-03,9.631339488825982342e-03,1.306274015025458111e-02,1.896446254133839215e-02,3.212278488271912147e-02,4.872158819368542504e-02,6.076260251189707917e-01
3.315553013305930913e-02,2.930652124012274318e-02,1.686862740742308200e-02,8.751786362188693214e-03,5.358160991032768702e-03,4.629732471436501934e-03,4.253485720209205199e-03,4.624179013853811290e-03,4.809757054742059418e-03,5.735796106655738531e-03,6.957556774847698314e-03,1.045160717062394717e-02,1.365780334836405943e-02,1.182099725288910178e-02,8.100180672486315125e-03,6.892766436382972983e-03,5.414621143123458068e-03,5.909341656114823309e-03,5.062439374754488033e-03,6.064838468430163929e-03,6.442936372185023922e-03,1.024196414687737235e-02,1.869154985894131218e-02,3.613958800749179218e-02,5.897494279938416545e-02,6.716832900163330899e-01
2.314062193553758501e-02,2.333456819716889230e-02,1.037939375449341110e-02,6.820806729280783770e-03,5.498049641525692456e-03,5.003377715791910811e-03,5.564514371635297628e-03,6.895988145306402792e-03,8.705790058618764066e-03,1.269585303667407350e-02,2.015406742356336267e-02,3.603042123384296580e-02,5.575301270456364811e-02,4.504674322821972110e-02,2.545817080345775044e-02,1.737889254505247533e-02,1.158665475386131891e-02,1.017128287824858174e-02,7.317657826493569745e-03,7.389570485300683139e-03,6.637756325044494657e-03,7.773104665605289933e-03,9.354093573622289381e-03,2.224062411470916281e-02,3.035150035955998596e-02,5.793174834927129480e-01
2.601212980466019106e-02,2.629506185122269107e-02,1.222100620170337229e-02,7.384215500944413951e-03,5.590239777136024255e-03,5.076194740157999145e-03,5.266888866778878658e-03,6.152994726892208922e-03,7.542781812754167925e-03,1.000418697973563982e-02,1.508245448213951789e-02,2.711276655722201154e-02,3.815022551652839933e-02,3.352071104035735105e-02,1.887664577322127266e-02,1.406680098165874124e-02,9.350230491160772817e-03,9.328466487579041913e-03,6.940644380326279304e-03,7.653674592908701370e-03,7.040136968128478216e-03,9.384431068217779018e-03,1.177639869996229861e-02,2.643393692169659220e-02,4.649723908068367079e-02,6.072395366961198526e-01
3.001003783491506399e-02,2.736468226391678554e-02,1.340398424832007530e-02,7.524129410856013334e-03,5.380665585668852578e-03,4.708516716855659298e-03,4.718940622345582647e-03,5.339356034282860368e-03,6.379430159832970813e-03,8.646436568604407014e-03,1.251216122307109366e-02,2.068527526831824906e-02,2.935719249478691353e-02,2.530731217666491728e-02,1.557717550768220223e-02,1.168519805420385749e-02,7.843795845880323012e-03,7.661570535093519332e-03,5.739325148636949085e-03,6.123851440043003372e-03,6.112655393405678518e-03,8.287390935062609321e-03,1.261987491313363262e-02,2.897652690911786677e-02,4.353833680796681538e-02,6.444961779012954306e-01
1.096778689639474509e-02,1.103083922651017582e-02,7.981097575137477071e-03,6.215632331905402916e-03,5.299714273386507517e-03,6.066297865842540035e-03,8.379322817971778664e-03,1.186047514908163993e-02,1.686815757772299265e-02,2.657821641549939704e-02,3.993535476889995689e-02,6.520938351411700862e-02,8.184856157721027980e-02,8.710181623893278879e-02,4.909121681039862323e-02,3.602611030174322077e-02,2.192229961802834651e-02,2.116899020033345680e-02,1.258723621725424055e-02,1.378854903313772064e-02,9.109402429834666942e-03,1.094455709056274366e-02,8.405871167494066015e-03,8.920245439488373035e-03,1.377129260594823490e-01,2.849799394032976330e-01
2.690907606658021062e-02,2.752884841571068969e-02,1.251360115662060631e-02,7.517827853664173568e-03,5.358828855826626957e-03,4.586530209336479695e-03,4.873322613526840687e-03,5.663881450545962468e-03,7.184847908724054620e-03,9.827204891152097402e-03,1.498194926459607036e-02,2.595524964365496581e-02,3.748387464056560786e-02,3.188766330786231562e-02,1.862002369528053397e-02,1.296688353328102720e-02,8.922788395540547438e-03,8.837932216023549475e-03,6.595151167523649952e-03,7.430823416437884639e-03,6.779901330522684379e-03,9.077462950609505726e-03,1.155655234713142548e-02,2.627319178463004626e-02,3.649352783658241228e-02,6.241730550479626105e-01
2.535554935859916578e-02,2.456079196875030762e-02,1.350390407137931972e-02,8.651701059670488525e-03,7.738427216949429754e-03,8.073061907412106691e-03,8.700501952029628117e-03,1.079894032347267219e-02,1.495398773005092441e-02,2.091466815391737621e-02,2.840909090907110454e-02,4.353039598435336915e-02,5.210540992745948952e-02,4.524539877297459323e-02,3.296848856662509125e-02,2.419827105408240558e-02,1.817484662575419990e-02,1.411042944784292319e-02,1.033881762408648923e-02,9.348856664801067501e-03,9.153653095364505665e-03,9.606804238699381479e-03,1.177495817065548310e-02,1.504461795871789992e-02,2.230897936417853417e-02,5.104294478524048495e-01
2.177674418603638140e-02,2.499069767440698087e-02,6.572093023252757564e-03,4.195348837207350974e-03,3.576744186044848121e-03,3.976744186044662253e-03,4.293023255811956665e-03,6.134883720927379255e-03,7.465116279066295185e-03,1.030697674418125202e-02,1.267906976743596315e-02,2.196279069766420358e-02,3.124186046510174855e-02,4.460930232556064440e-02,2.606046511626694887e-02,2.538139534882540363e-02,1.541395348836492422e-02,1.518139534883014737e-02,1.079069767441358588e-02,1.192558139534329043e-02,1.042790697673933592e-02,1.264651162790109487e-02,1.421395348836548139e-02,3.347906976742628937e-02,5.700465116276418054e-02,5.636930232555518172e-01
4.673299969529737946e-02,2.898617440807724557e-02,1.806577623453732226e-02,1.460364225175704578e-02,9.250381243199845907e-03,8.042313428309778855e-03,6.423153281321995235e-03,7.254837057350469083e-03,7.137851841621986257e-03,8.320637405017953722e-03,1.036426171076073634e-02,1.223478297086905663e-02,1.372731265011326723e-02,1.275986464496329381e-02,1.103577584726589227e-02,9.162697133971752991e-03,7.677912884376023213e-03,7.864168546394699824e-03,6.911188419267363416e-03,8.432873064829914458e-03,9.750765226528171001e-03,1.507187539503506910e-02,1.915488594124127586e-02,3.145382445202889177e-02,5.399485148138609414e-02,6.155851927844701033e-01
2.986378069631438065e-02,2.281119065065769294e-02,1.697386468256141187e-02,1.243484959509939466e-02,9.242620671513848002e-03,8.113409616143091654e-03,7.794374612479273642e-03,8.765383386881282074e-03,1.021137478157900860e-02,1.365875655261771481e-02,1.855889371136468929e-02,2.927869530090264349e-02,4.009356856997763757e-02,3.448321214512393290e-02,2.312120699697412310e-02,1.775134810138407140e-02,1.338669372263820434e-02,1.195836386524577744e-02,1.058978261277979116e-02,1.104672791838073528e-02,1.110159141724400590e-02,1.378915130676535393e-02,1.785318377393164957e-02,2.470097514232475616e-02,4.243729214812985012e-02,5.399797080209480793e-01
2.116414286626917482e-02,1.917832726343242367e-02,1.220880454922930285e-02,9.083764615678929094e-03,7.317104338380467365e-03,7.143952463100943298e-03,7.965625199667245027e-03,9.991693821480417820e-03,1.311162226055759446e-02,1.730049198134193944e-02,2.400996741422120259e-02,3.575682065043538777e-02,4.538368155389142095e-02,4.213596575298433899e-02,3.012970417225543929e-02,2.292696952271273958e-02,1.680084339658700562e-02,1.360743722445763304e-02,1.089323365919041102e-02,9.832598556002183215e-03,9.271612037568892697e-03,1.085809213468718649e-02,1.422720592933268170e-02,2.031244009967284742e-02,4.276404063637833514e-02,5.266238579004199893e-01
1.773525791651026084e-02,1.571183469470020452e-02,1.155309387936709516e-02,1.063928984371093935e-02,9.604266905365704474e-03,1.134795419789326465e-02,1.286785274699482617e-02,1.703591809330402135e-02,2.005706612955497972e-02,2.666815859159797283e-02,3.342844354925830069e-02,5.937861325569786936e-02,8.267129163395371683e-02,7.585505949043690188e-02,4.461788072055814652e-02,3.785759576289782213e-02,2.915780836221219113e-02,2.763790981311062961e-02,2.063518705007214016e-02,1.746484651820384704e-02,1.501249487149396503e-02,1.565588750884370703e-02,1.302636977358824152e-02,1.416396255267039252e-02,2.790832121141703995e-02,3.323076349256533502e-01
1.631293346491816121e-02,1.601988675596753564e-02,1.060020681686918258e-02,7.861735847020233370e-03,7.319431017812753383e-03,8.521933030403251730e-03,9.842327397169288450e-03,1.353741061232832839e-02,1.752554053643799042e-02,2.701755922405710622e-02,3.734492944983432844e-02,5.807377366687054010e-02,7.002132167431730780e-02,7.063773026900656282e-02,4.661800519398458936e-02,3.696430556349616231e-02,2.348415695176737927e-02,1.966444467647991343e-02,1.395845473438382493e-02,1.303889437181461955e-02,1.126377235322864601e-02,1.218670106877429472e-02,1.255721989618313085e-02,1.405276861772425563e-02,3.077327279279213831e-02,3.948012840160216586e-01
1.590630740967057324e-02,1.593692590324068126e-02,1.032455603184007260e-02,8.086344151865251795e-03,8.462951622777567171e-03,1.017452541334654820e-02,1.138395590936577308e-02,1.502449479485149300e-02,1.744947948560396367e-02,2.334966319656358105e-02,3.158909981627936597e-02,4.943049601958070249e-02,6.330067360683916400e-02,6.479791794241739067e-02,4.093080220451900120e-02,3.323943661970812924e-02,2.180649112063018716e-02,2.006429883649109985e-02,1.475199020207754001e-02,1.556338028168537634e-02,1.239130434782229236e-02,1.425290875688479779e-02,1.440600122473533265e-02,1.650336803428766042e-02,4.755358236373314479e-02,4.033190447028771053e-01
1.531158164418195723e-02,1.572451209403489744e-02,1.039861351819443974e-02,8.403285359051042291e-03,8.445482631298788234e-03,9.132695350762073602e-03,9.901288523846009382e-03,1.327104212191597583e-02,1.621580890663364832e-02,2.296134428452325724e-02,2.954110466429672385e-02,4.468088312861286104e-02,5.462738301558145437e-02,5.723155753144232305e-02,3.576821641171402943e-02,3.191018009192015531e-02,2.320247155451037394e-02,2.335619018912716421e-02,1.574259663928392894e-02,1.724964207670341351e-02,1.236078667771460700e-02,1.552558209629552322e-02,1.322583075879339189e-02,1.495893301182579793e-02,1.005651420390021589e-01,3.802878456784326011e-01
2.278287059566157582e-02,1.454083533904084943e-02,1.164662419972571639e-02,1.302943020355148973e-02,1.161228238615646252e-02,1.103285561678587524e-02,1.095613454391839402e-02,1.315985602742620643e-02,1.419924389555944980e-02,2.144719325088297046e-02,2.586632704804982599e-02,5.176955327876448659e-02,7.031851666746784246e-02,8.704553724478965304e-02,4.051420655066292204e-02,3.669020907588237818e-02,2.341929016201943492e-02,2.587619118598993156e-02,1.887740264826461012e-02,1.977942326212083976e-02,1.840027064271732710e-02,1.978526867719645685e-02,1.827349820326487281e-02,1.856978767991023654e-02,5.303362428886677915e-02,3.273735673252868295e-01
2.428418218327801567e-02,2.123220153340587071e-02,1.119683278568795251e-02,8.020947426067724997e-03,6.286053304125450297e-03,5.940580503833380391e-03,5.813937568455508284e-03,6.721431179262351424e-03,8.038974078130521964e-03,1.041940489229622145e-02,1.391338079591060081e-02,2.163335158817037210e-02,2.970883534136478654e-02,2.770240051113482052e-02,1.792556589996308417e-02,1.446878422782004424e-02,1.061632895217208376e-02,1.027496349032470252e-02,7.696695874406542758e-03,8.243428258488311178e-03,7.797782037239690996e-03,9.941812705366696867e-03,1.343099671412893888e-02,2.894989047097415100e-02,8.776948703906335691e-02,5.819717506389060491e-01
2.880318752792739023e-02,2.492403554937627427e-02,1.327938036840243044e-02,7.947222084305448353e-03,5.728116776723952627e-03,5.227645102030553659e-03,4.898217566158460240e-03,5.627823841914362558e-03,6.545355245518927334e-03,8.783575790675518177e-03,1.207834764907372849e-02,2.060572960627524500e-02,2.928181321682067975e-02,2.471277493669567574e-02,1.514671565463444718e-02,1.215580159872865947e-02,9.138821309765921344e-03,8.521423961074213460e-03,7.178888833722079678e-03,7.728513976465723606e-03,7.853135395461797660e-03,1.070776028995554588e-02,1.703465567747338566e-02,3.138200685169476728e-02,4.543567846680787031e-02,6.292733727222921125e-01
2.452125306744231889e-02,2.319566570968605718e-02,9.505912316832352063e-03,5.365740962479909927e-03,4.443042004636816450e-03,4.231736899787253217e-03,4.438815902539825463e-03,5.686924721851245763e-03,7.042094794286445254e-03,9.391807560213587605e-03,1.203312137083312888e-02,1.667619887472753318e-02,1.954853959998259505e-02,1.939921732588890599e-02,1.438142543606127539e-02,1.216976533863584585e-02,9.725669625875899005e-03,8.408534472313621000e-03,6.511014630764542892e-03,6.136300244831317460e-03,5.802438179169006928e-03,7.321017532687868618e-03,1.134144932762555860e-02,2.620324170204484104e-02,3.097169356814998692e-02,6.955473788305114313e-01
2.630600234452245070e-02,2.432148573944452677e-02,1.096690885504832298e-02,6.707785136653945934e-03,4.778311345959741253e-03,4.592355891960686089e-03,4.486733194089221818e-03,5.197826850181611752e-03,6.460836293743200086e-03,8.732468119795666617e-03,1.142956602459797508e-02,1.573183140832013285e-02,1.853752729825788870e-02,1.979607381092349933e-02,1.417873145652001794e-02,1.230132519294554853e-02,9.506042808431739224e-03,8.830652599507169201e-03,7.112424204555892193e-03,6.776216743725598304e-03,6.733075078397817576e-03,9.302235630848774972e-03,1.458337052442196420e-02,2.952972609505008506e-02,3.823690427310188350e-02,6.748635830788458634e-01
2.585624783478866762e-02,2.285578396659813591e-02,1.334795398897089570e-02,8.905975679213288046e-03,6.955086989964159340e-03,6.610121721361040398e-03,6.359104440803025997e-03,7.448313927200959049e-03,8.412748741976488337e-03,1.037538092973125381e-02,1.290316898306985254e-02,1.919034449552584759e-02,2.585918370941507616e-02,2.263118955767780618e-02,1.482469892605488629e-02,1.259049833535723882e-02,1.014197889693169673e-02,9.673706894019378291e-03,8.486145607636726151e-03,9.208370765733468397e-03,9.299382879152162662e-03,1.100072222515648124e-02,1.484671798575295729e-02,2.336222233965377926e-02,1.449133036222608473e-01,5.339416465558470826e-01
2.843812132981509908e-02,2.366255144032580054e-02,1.549567670041853210e-02,1.119694132334420056e-02,9.025176862254210078e-03,8.198663707401599235e-03,7.847540111896032441e-03,9.403754566050335356e-03,1.104377629814424014e-02,1.400593008738873838e-02,1.745936791972744345e-02,2.390241364960120699e-02,3.014605585610143773e-02,2.833697461506040974e-02,2.072496185323601317e-02,1.752294585471610502e-02,1.430070051324526352e-02,1.374150367595861934e-02,1.172001433393273992e-02,1.135444120774793154e-02,1.144113839182338103e-02,1.307249040550973948e-02,1.605053867850140398e-02,2.178122254588856291e-02,6.984903130345317124e-02,5.402780667683132476e-01
2.518884297520609244e-02,2.283946280991688491e-02,1.081983471074357897e-02,6.287190082644498676e-03,4.811363636363537311e-03,4.519008264462717056e-03,4.800413223140396687e-03,5.838016528925499445e-03,7.722727272727113873e-03,1.082293388429729844e-02,1.632499999999966270e-02,2.861508264462751111e-02,4.044938016528842190e-02,3.497644628099101649e-02,2.047417355371858663e-02,1.378533057851211337e-02,9.402892561983277123e-03,7.372314049586625208e-03,5.796900826446161302e-03,5.342975206611460387e-03,5.365082644627988326e-03,6.732644628099034891e-03,1.106239669421464795e-02,2.426652892561933367e-02,6.342024793388299775e-02,6.029628099173429678e-01
2.423917995444141438e-02,2.230296127562596264e-02,9.464899565127160921e-03,5.946779871608905838e-03,4.472147442534594140e-03,4.038931455787864860e-03,4.114102298612464306e-03,4.969973079312384710e-03,6.585007247877271153e-03,9.573410644025481461e-03,1.449699730793094915e-02,2.629136467177415129e-02,3.948622903292525743e-02,3.182957133982125542e-02,1.732636156554116097e-02,1.162538827914658124e-02,7.754193414785510129e-03,6.361358459308213975e-03,4.950921515841686694e-03,5.077655829364153238e-03,4.987367985089977834e-03,6.393663284323745054e-03,1.006916545868689027e-02,2.478028577345154845e-02,1.034489542348290964e-01,5.894131290122056610e-01
2.185519899643045133e-02,1.552041669282644247e-02,1.114457571762157186e-02,9.606045049802671223e-03,8.258945883360716347e-03,8.715673131018897291e-03,7.897318851016806029e-03,1.046379359375371708e-02,1.113595822238273858e-02,1.574939585202973433e-02,1.991287712313477565e-02,3.408096259883854062e-02,3.930501131969432044e-02,4.372670968027726757e-02,2.850698201774869850e-02,2.761230135134551053e-02,2.011569602893446829e-02,2.160960038212369344e-02,1.632830687146709370e-02,2.035052277419268155e-02,1.805026708079831080e-02,2.440474651637679696e-02,2.811981026737538775e-02,3.280403446505566339e-02,7.183974905853643400e-02,4.328851004738257791e-01
3.665032838101188462e-02,2.544703430897370111e-02,1.654732449289018914e-02,1.198077602818561037e-02,8.784975998540216213e-03,7.537512969909540388e-03,7.030475012257026562e-03,7.588466187017276973e-03,8.167480017787012714e-03,1.022484977708821782e-02,1.296385243378173416e-02,1.856300525637597301e-02,2.159632509720229090e-02,2.124000889365168163e-02,1.507039382917292267e-02,1.300197826756164902e-02,1.060646443109091765e-02,1.013434546138636434e-02,9.181199616888490941e-03,1.025798718401842516e-02,1.118334036463935165e-02,1.526672405732930685e-02,2.170143837724971755e-02,3.000895066303212178e-02,5.081175957492720802e-02,5.884530033179955488e-01
1.633629629629508931e-02,1.363629629629528779e-02,1.031703703703627448e-02,8.624444444443806618e-03,7.041481481480960612e-03,7.496296296295741797e-03,7.840740740740160739e-03,1.031925925925849565e-02,1.298074074073977957e-02,1.890518518518378641e-02,2.767777777777572987e-02,5.086888888888512622e-02,7.169185185184655251e-02,6.330888888888420996e-02,3.995999999999704649e-02,2.984962962962742217e-02,1.974074074073927862e-02,1.660814814814691801e-02,1.252518518518425800e-02,1.279333333333238648e-02,1.166148148148061885e-02,1.347407407407307661e-02,1.520222222222109704e-02,1.841407407407271227e-02,8.037851851851257612e-02,4.023474074073776219e-01
3.040597407762913804e-02,2.326993016979434989e-02,1.753661111875339310e-02,1.269593515839941705e-02,1.149214219038725837e-02,1.012002223955984007e-02,9.875182991828553025e-03,1.168597326150785931e-02,1.461384259896116034e-02,1.932189730012735460e-02,2.546328176405378979e-02,3.713905339023951258e-02,4.634602926846809884e-02,4.440261773960101077e-02,3.126801226234970921e-02,2.443291659651796247e-02,1.914336868198995845e-02,1.656745576315038493e-02,1.374670359657952090e-02,1.401194611495508099e-02,1.439960825719628461e-02,1.565951021948019592e-02,1.652154840420076709e-02,1.915357031731209844e-02,2.917157620365056631e-02,4.715552903127966378e-01
1.681962188563905156e-02,1.457355457048403746e-02,9.813603014791410020e-03,6.411069862111798759e-03,4.771814587286756643e-03,4.536710870239480525e-03,4.424191812998200073e-03,5.255322996198967707e-03,6.324433782894071585e-03,8.604292763802057556e-03,1.252268804792332040e-02,2.124884649991960750e-02,2.946777047981542774e-02,2.513452857570554894e-02,1.599280453210887715e-02,1.253419159371156610e-02,9.225843722173219727e-03,8.246604386948786641e-03,7.039451050794731657e-03,7.314098206489102506e-03,7.334588897424415554e-03,9.054368992767179367e-03,1.187381616830507532e-02,1.632317198771506342e-02,3.782071076814431665e-01,3.469455030302731058e-01
1.299316625403534875e-02,1.188340644862341013e-02,8.466171509649463023e-03,5.984595115029680765e-03,4.396690266255324185e-03,4.323213018865036499e-03,4.306924959098716414e-03,5.494867451388991790e-03,6.553591336199794670e-03,9.307359307358969297e-03,1.307967394923869285e-02,2.434811565246259787e-02,3.553801271192446459e-02,3.218701588266689034e-02,1.915113871635541407e-02,1.537882407447569051e-02,1.093942289594423793e-02,1.013660252790650820e-02,8.047387395213189895e-03,8.389074693422215317e-03,7.615572832963861220e-03,9.372149589540555020e-03,1.155547351199483208e-02,1.511966294574935456e-02,4.117867639606621055e-01,2.936451229929384343e-01
1.644429389851865403e-02,1.491581382213253738e-02,9.685697091138527337e-03,7.348219448889536237e-03,6.112239271641373671e-03,6.567379200903447449e-03,7.176753990774184175e-03,9.549953603463872537e-03,1.183531919471702068e-02,1.694566226011574861e-02,2.340755658360019198e-02,3.748495474656575455e-02,4.936650237361779603e-02,5.119042415847227523e-02,3.301508559824495315e-02,2.567106873411315049e-02,1.800975672077278697e-02,1.515914347960505872e-02,1.170798087655782610e-02,1.091495313277432259e-02,9.701246654742125275e-03,1.162434943987901426e-02,1.574078121007478279e-02,2.579882731074811808e-02,3.884070858940919663e-02,5.157853286084856936e-01
2.033769063180511372e-02,1.801742919389697981e-02,1.194055399937567034e-02,9.139433551196835329e-03,8.001867413630873657e-03,7.798008092124525392e-03,8.520074696543958673e-03,1.032057267351224432e-02,1.283380018673936640e-02,1.835667600373197192e-02,2.633208839090782349e-02,4.058667911608456608e-02,5.502489884841969825e-02,5.605042016805850125e-02,3.296607531901136340e-02,2.800031123560099700e-02,1.801120448178991293e-02,1.746498599439504085e-02,1.258014316837650394e-02,1.322440087145763769e-02,1.149704326174735489e-02,1.310768751945018580e-02,1.400871459694771025e-02,1.731870525987903517e-02,7.014628073450511481e-02,4.484142545906553701e-01
3.164384011659042428e-02,1.797366833510462975e-02,1.685673029828752695e-02,1.685038405944197515e-02,1.245132061497247755e-02,1.146242727956856521e-02,1.018310018993881516e-02,1.252299578311047261e-02,1.363470750558417981e-02,1.907642066156108734e-02,2.608154842254803429e-02,4.476375565935014622e-02,6.686994540741110493e-02,5.934031967124767798e-02,3.414351160540303465e-02,2.481192734527030291e-02,1.833727049013800584e-02,1.704935731265839333e-02,1.386839841836743845e-02,1.550236826701331325e-02,1.529555554228180514e-02,1.945159536978341083e-02,1.917646725042037453e-02,1.904991578167672742e-02,4.438223471228226746e-02,3.992202338999504274e-01
